Temps;EA1
0;2.7452595718205
0.02;2.7175229578279
0.04;2.68423902103677
0.06;2.64540776144713
0.08;2.60657650185749
0.1;2.57883988786489
0.12;2.53446130547673
0.14;2.49563004588708
0.16;2.45125146349892
0.18;2.4179675267078
0.2;2.38468358991668
0.22;2.34585233032703
0.24;2.31256839353591
0.26;2.27928445674479
0.28;2.25154784275219
0.3;2.22381122875959
0.32;2.20162193756551
0.34;2.1738853235729
0.36;2.15169603237882
0.38;2.12950674118474
0.4;2.1184120955877
0.42;2.11286477278918
0.44;2.10177012719214
0.46;2.10177012719214
0.48;2.10177012719214
0.5;2.10731744999066
0.52;2.1184120955877
0.54;2.13505406398326
0.56;2.15169603237882
0.58;2.1738853235729
0.6;2.19607461476699
0.62;2.21271658316255
0.64;2.24045319715515
0.66;2.27373713394627
0.68;2.30147374793887
0.7;2.34030500752851
0.72;2.37913626711816
0.74;2.41242020390928
0.76;2.45125146349892
0.78;2.49008272308856
0.8;2.5289139826782
0.82;2.57329256506637
0.84;2.60102917905897
0.86;2.63431311585009
0.88;2.67314437543973
0.9;2.70642831223086
0.92;2.73971224902198
0.94;2.76190154021606
0.96;2.78963815420866
0.98;2.81182744540274
1;2.83401673659682
1.02;2.86175335058942
1.04;2.87839531898499
1.06;2.88394264178351
1.08;2.89503728738055
1.1;2.90058461017907
1.12;2.89503728738055
1.14;2.89503728738055
1.16;2.87839531898499
1.18;2.87284799618646
1.2;2.85065870499238
1.22;2.8284694137983
1.24;2.80628012260422
1.26;2.78409083141014
1.28;2.76190154021606
1.3;2.72861760342494
1.32;2.70088098943234
1.34;2.66759705264121
1.36;2.62876579305157
1.38;2.59548185626045
1.4;2.55665059667081
1.42;2.52336665987968
1.44;2.47898807749152
1.46;2.44015681790188
1.48;2.41242020390928
1.5;2.37913626711816
1.52;2.34030500752851
1.54;2.30702107073739
1.56;2.26818981114775
1.58;2.25154784275219
1.6;2.21271658316255
1.62;2.19607461476699
1.64;2.1738853235729
1.66;2.1461487095803
1.68;2.13505406398326
1.7;2.12395941838622
1.72;2.11286477278918
1.74;2.11286477278918
1.76;2.10731744999066
1.78;2.10731744999066
1.8;2.1184120955877
1.82;2.12950674118474
1.84;2.14060138678178
1.86;2.16279067797586
1.88;2.18497996916994
1.9;2.20716926036403
1.92;2.23490587435663
1.94;2.25709516555071
1.96;2.29592642514035
1.98;2.32366303913295
2;2.35139965312555
2.02;2.3902309127152
2.04;2.42906217230484
2.06;2.46234610909596
2.08;2.5011773686856
2.1;2.54000862827525
2.12;2.57883988786489
2.14;2.60657650185749
2.16;2.63986043864861
2.18;2.67869169823825
2.2;2.71197563502938
2.22;2.7452595718205
2.24;2.7729961858131
2.26;2.79518547700718
2.28;2.81737476820126
2.3;2.83956405939534
2.32;2.85065870499238
2.34;2.87839531898499
2.36;2.88394264178351
2.38;2.88394264178351
2.4;2.89503728738055
2.42;2.88394264178351
2.44;2.87284799618646
2.46;2.87284799618646
2.48;2.8562060277909
2.5;2.83401673659682
2.52;2.82292209099978
2.54;2.8007327998057
2.56;2.7729961858131
2.58;2.7452595718205
2.6;2.7175229578279
2.62;2.68978634383529
2.64;2.65095508424565
2.66;2.61767114745453
2.68;2.58438721066341
2.7;2.54555595107377
2.72;2.51227201428264
2.74;2.46789343189448
2.76;2.43460949510336
2.78;2.40132555831224
2.8;2.36249429872259
2.82;2.32921036193147
2.84;2.29592642514035
2.86;2.26818981114775
2.88;2.23490587435663
2.9;2.21271658316255
2.92;2.19052729196846
2.94;2.1738853235729
2.96;2.1461487095803
2.98;2.13505406398326
3;2.12395941838622
3.02;2.1184120955877
3.04;2.1184120955877
3.06;2.1184120955877
3.08;2.1184120955877
3.1;2.13505406398326
3.12;2.14060138678178
3.14;2.16279067797586
3.16;2.1738853235729
3.18;2.19607461476699
3.2;2.21826390596107
3.22;2.24600051995367
3.24;2.27373713394627
3.26;2.30702107073739
3.28;2.34030500752851
3.3;2.37358894431964
3.32;2.41242020390928
3.34;2.44015681790188
3.36;2.47898807749152
3.38;2.51227201428264
3.4;2.55110327387229
3.42;2.58438721066341
3.44;2.62321847025305
3.46;2.65650240704417
3.48;2.69533366663381
3.5;2.72307028062642
3.52;2.7452595718205
3.54;2.7729961858131
3.56;2.79518547700718
3.58;2.81737476820126
3.6;2.83401673659682
3.62;2.85065870499238
3.64;2.86175335058942
3.66;2.87839531898499
3.68;2.87839531898499
3.7;2.87839531898499
3.72;2.87839531898499
3.74;2.87284799618646
3.76;2.85065870499238
3.78;2.83956405939534
3.8;2.82292209099978
3.82;2.80628012260422
3.84;2.78409083141014
3.86;2.75635421741754
3.88;2.72307028062642
3.9;2.70088098943234
3.92;2.66759705264121
3.94;2.63431311585009
3.96;2.60102917905897
3.98;2.55665059667081
4;2.5289139826782
4.02;2.49563004588708
4.04;2.45679878629744
4.06;2.42351484950632
4.08;2.3902309127152
4.1;2.35694697592407
4.12;2.32366303913295
4.14;2.29037910234183
4.16;2.26264248834923
4.18;2.23490587435663
4.2;2.21271658316255
4.22;2.19052729196846
4.24;2.1738853235729
4.26;2.15169603237882
4.28;2.14060138678178
4.3;2.12950674118474
4.32;2.12950674118474
4.34;2.12950674118474
4.36;2.12950674118474
4.38;2.14060138678178
4.4;2.14060138678178
4.42;2.15169603237882
4.44;2.1738853235729
4.46;2.19607461476699
4.48;2.21271658316255
4.5;2.23490587435663
4.52;2.26818981114775
4.54;2.29037910234183
4.56;2.32366303913295
4.58;2.35694697592407
4.6;2.39577823551372
4.62;2.42351484950632
4.64;2.45125146349892
4.66;2.49008272308856
4.68;2.53446130547673
4.7;2.56219791946933
4.72;2.59548185626045
4.74;2.62876579305157
4.76;2.66759705264121
4.78;2.70088098943234
4.8;2.72307028062642
4.82;2.75635421741754
4.84;2.7729961858131
4.86;2.8007327998057
4.88;2.82292209099978
4.9;2.83956405939534
4.92;2.84511138219386
4.94;2.86730067338794
4.96;2.86175335058942
4.98;2.87284799618646
5;2.87284799618646
5.02;2.86175335058942
5.04;2.8562060277909
5.06;2.83956405939534
5.08;2.8284694137983
5.1;2.80628012260422
5.12;2.78963815420866
5.14;2.76744886301458
5.16;2.73971224902198
5.18;2.71197563502938
5.2;2.67869169823825
5.22;2.65095508424565
5.24;2.61767114745453
5.26;2.58438721066341
5.28;2.55110327387229
5.3;2.51227201428264
5.32;2.47898807749152
5.34;2.4457041407004
5.36;2.40687288111076
5.38;2.37358894431964
5.4;2.34585233032703
5.42;2.31256839353591
5.44;2.27373713394627
5.46;2.25154784275219
5.48;2.22935855155811
5.5;2.20716926036403
5.52;2.19607461476699
5.54;2.1738853235729
5.56;2.16279067797586
5.58;2.1461487095803
5.6;2.14060138678178
5.62;2.12950674118474
5.64;2.13505406398326
5.66;2.13505406398326
5.68;2.14060138678178
5.7;2.15169603237882
5.72;2.1738853235729
5.74;2.18497996916994
5.76;2.20716926036403
5.78;2.23490587435663
5.8;2.25709516555071
5.82;2.27928445674479
5.84;2.30702107073739
5.86;2.34030500752851
5.88;2.37358894431964
5.9;2.40687288111076
5.92;2.43460949510336
5.94;2.473440754693
5.96;2.51227201428264
5.98;2.54555595107377
6;2.57883988786489
6.02;2.60657650185749
6.04;2.64540776144713
6.06;2.67314437543973
6.08;2.70642831223086
6.1;2.73416492622346
6.12;2.75635421741754
6.14;2.78409083141014
6.16;2.8007327998057
6.18;2.81737476820126
6.2;2.83401673659682
6.22;2.85065870499238
6.24;2.85065870499238
6.26;2.8562060277909
6.28;2.8562060277909
6.3;2.8562060277909
6.32;2.85065870499238
6.34;2.83401673659682
6.36;2.8284694137983
6.38;2.81737476820126
6.4;2.79518547700718
6.42;2.77854350861162
6.44;2.7452595718205
6.46;2.72861760342494
6.48;2.69533366663381
6.5;2.66204972984269
6.52;2.63431311585009
6.54;2.60102917905897
6.56;2.56774524226785
6.58;2.53446130547673
6.6;2.49563004588708
6.62;2.46234610909596
6.64;2.42906217230484
6.66;2.40132555831224
6.68;2.36249429872259
6.7;2.32921036193147
6.72;2.30702107073739
6.74;2.27373713394627
6.76;2.25154784275219
6.78;2.22381122875959
6.8;2.20162193756551
6.82;2.19052729196846
6.84;2.1738853235729
6.86;2.16279067797586
6.88;2.15169603237882
6.9;2.14060138678178
6.92;2.1461487095803
6.94;2.1461487095803
6.96;2.1461487095803
6.98;2.16279067797586
7;2.1738853235729
7.02;2.17943264637142
7.04;2.20162193756551
7.06;2.22381122875959
7.08;2.24600051995367
7.1;2.27373713394627
7.12;2.30147374793887
7.14;2.32921036193147
7.16;2.36249429872259
7.18;2.3902309127152
7.2;2.42351484950632
7.22;2.45679878629744
7.24;2.49008272308856
7.26;2.5289139826782
7.28;2.56219791946933
7.3;2.59548185626045
7.32;2.62321847025305
7.34;2.65650240704417
7.36;2.68978634383529
7.38;2.7175229578279
7.4;2.73971224902198
7.42;2.76744886301458
7.44;2.78963815420866
7.46;2.80628012260422
7.48;2.8284694137983
7.5;2.83956405939534
7.52;2.83956405939534
7.54;2.84511138219386
7.56;2.85065870499238
7.58;2.85065870499238
7.6;2.84511138219386
7.62;2.83956405939534
7.64;2.8284694137983
7.66;2.81737476820126
7.68;2.79518547700718
7.7;2.77854350861162
7.72;2.75635421741754
7.74;2.72861760342494
7.76;2.70642831223086
7.78;2.67869169823825
7.8;2.64540776144713
7.82;2.61212382465601
7.84;2.57883988786489
7.86;2.55110327387229
7.88;2.51781933708116
7.9;2.47898807749152
7.92;2.45125146349892
7.94;2.41242020390928
7.96;2.38468358991668
7.98;2.35139965312555
8;2.32366303913295
8.02;2.29592642514035
8.04;2.26264248834923
8.06;2.24045319715515
8.08;2.22381122875959
8.1;2.20716926036403
8.12;2.19052729196846
8.14;2.1738853235729
8.16;2.16833800077438
8.18;2.15169603237882
8.2;2.1461487095803
8.22;2.1461487095803
8.24;2.15724335517734
8.26;2.15724335517734
8.28;2.1738853235729
8.3;2.18497996916994
8.32;2.20162193756551
8.34;2.21826390596107
8.36;2.24045319715515
8.38;2.26264248834923
8.4;2.28483177954331
8.42;2.31256839353591
8.44;2.34585233032703
8.46;2.37913626711816
8.48;2.41242020390928
8.5;2.44015681790188
8.52;2.473440754693
8.54;2.50672469148412
8.56;2.54000862827525
8.58;2.57329256506637
8.6;2.60657650185749
8.62;2.63986043864861
8.64;2.66204972984269
8.66;2.69533366663381
8.68;2.72861760342494
8.7;2.75080689461902
8.72;2.76744886301458
8.74;2.78963815420866
8.76;2.80628012260422
8.78;2.8284694137983
8.8;2.8284694137983
8.82;2.83401673659682
8.84;2.83956405939534
8.86;2.83956405939534
8.88;2.83956405939534
8.9;2.83956405939534
8.92;2.8284694137983
8.94;2.81737476820126
8.96;2.8007327998057
8.98;2.78409083141014
9;2.76744886301458
9.02;2.73416492622346
9.04;2.7175229578279
9.06;2.68423902103677
9.08;2.66204972984269
9.1;2.62876579305157
9.12;2.59548185626045
9.14;2.56774524226785
9.16;2.53446130547673
9.18;2.5011773686856
9.2;2.46234610909596
9.22;2.42906217230484
9.24;2.40132555831224
9.26;2.36804162152112
9.28;2.33475768472999
9.3;2.31256839353591
9.32;2.28483177954331
9.34;2.26264248834923
9.36;2.24045319715515
9.38;2.21826390596107
9.4;2.20162193756551
9.42;2.18497996916994
9.44;2.1738853235729
9.46;2.16833800077438
9.48;2.15724335517734
9.5;2.16833800077438
9.52;2.16279067797586
9.54;2.16833800077438
9.56;2.17943264637142
9.58;2.18497996916994
9.6;2.20162193756551
9.62;2.21826390596107
9.64;2.24045319715515
9.66;2.25709516555071
9.68;2.27928445674479
9.7;2.30147374793887
9.72;2.34030500752851
9.74;2.36249429872259
9.76;2.39577823551372
9.78;2.42906217230484
9.8;2.45679878629744
9.82;2.49563004588708
9.84;2.5289139826782
9.86;2.55665059667081
9.88;2.58993453346193
9.9;2.61767114745453
9.92;2.64540776144713
9.94;2.67869169823825
9.96;2.70088098943234
9.98;2.73416492622346
10;2.7452595718205
10.02;2.7729961858131
10.04;2.78963815420866
10.06;2.80628012260422
10.08;2.82292209099978
10.1;2.8284694137983
10.12;2.82292209099978
10.14;2.83401673659682
10.16;2.83401673659682
10.18;2.83401673659682
10.2;2.82292209099978
10.22;2.81182744540274
10.24;2.79518547700718
10.26;2.77854350861162
10.28;2.76190154021606
10.3;2.73971224902198
10.32;2.72307028062642
10.34;2.68978634383529
10.36;2.66759705264121
10.38;2.63986043864861
10.4;2.61212382465601
10.42;2.56774524226785
10.44;2.55110327387229
10.46;2.51227201428264
10.48;2.47898807749152
10.5;2.4457041407004
10.52;2.42351484950632
10.54;2.3902309127152
10.56;2.35694697592407
10.58;2.32921036193147
10.6;2.30147374793887
10.62;2.27928445674479
10.64;2.25709516555071
10.66;2.23490587435663
10.68;2.21826390596107
10.7;2.19607461476699
10.72;2.19052729196846
10.74;2.17943264637142
10.76;2.16833800077438
10.78;2.1738853235729
10.8;2.1738853235729
10.82;2.1738853235729
10.84;2.17943264637142
10.86;2.19052729196846
10.88;2.20162193756551
10.9;2.21271658316255
10.92;2.23490587435663
10.94;2.25154784275219
10.96;2.27928445674479
10.98;2.29592642514035
11;2.32921036193147
11.02;2.35694697592407
11.04;2.37913626711816
11.06;2.4179675267078
11.08;2.4457041407004
11.1;2.47898807749152
11.12;2.51227201428264
11.14;2.54000862827525
11.16;2.56774524226785
11.18;2.60657650185749
11.2;2.63431311585009
11.22;2.66204972984269
11.24;2.68978634383529
11.26;2.7175229578279
11.28;2.7452595718205
11.3;2.76190154021606
11.32;2.77854350861162
11.34;2.79518547700718
11.36;2.80628012260422
11.38;2.81737476820126
11.4;2.82292209099978
11.42;2.8284694137983
11.44;2.8284694137983
11.46;2.8284694137983
11.48;2.81737476820126
11.5;2.81182744540274
11.52;2.79518547700718
11.54;2.78409083141014
11.56;2.76744886301458
11.58;2.7452595718205
11.6;2.72861760342494
11.62;2.69533366663381
11.64;2.67314437543973
11.66;2.64540776144713
11.68;2.61767114745453
11.7;2.58993453346193
11.72;2.56219791946933
11.74;2.5289139826782
11.76;2.49563004588708
11.78;2.46789343189448
11.8;2.43460949510336
11.82;2.40687288111076
11.84;2.36804162152112
11.86;2.33475768472999
11.88;2.31256839353591
11.9;2.29037910234183
11.92;2.26264248834923
11.94;2.24600051995367
11.96;2.22935855155811
11.98;2.21271658316255
12;2.20162193756551
12.02;2.19052729196846
12.04;2.17943264637142
12.06;2.17943264637142
12.08;2.1738853235729
12.1;2.17943264637142
12.12;2.18497996916994
12.14;2.19607461476699
12.16;2.20162193756551
12.18;2.21826390596107
12.2;2.22935855155811
12.22;2.25154784275219
12.24;2.27373713394627
12.26;2.29592642514035
12.28;2.31811571633443
12.3;2.34585233032703
12.32;2.37358894431964
12.34;2.41242020390928
12.36;2.43460949510336
12.38;2.46789343189448
12.4;2.5011773686856
12.42;2.5289139826782
12.44;2.56219791946933
12.46;2.59548185626045
12.48;2.61212382465601
12.5;2.64540776144713
12.52;2.67314437543973
12.54;2.69533366663381
12.56;2.72307028062642
12.58;2.7452595718205
12.6;2.76744886301458
12.62;2.77854350861162
12.64;2.79518547700718
12.66;2.80628012260422
12.68;2.81182744540274
12.7;2.81737476820126
12.72;2.82292209099978
12.74;2.81737476820126
12.76;2.81182744540274
12.78;2.80628012260422
12.8;2.79518547700718
12.82;2.78409083141014
12.84;2.76744886301458
12.86;2.7452595718205
12.88;2.72307028062642
12.9;2.70642831223086
12.92;2.67869169823825
12.94;2.65095508424565
12.96;2.62321847025305
12.98;2.59548185626045
13;2.56774524226785
13.02;2.53446130547673
13.04;2.50672469148412
13.06;2.47898807749152
13.08;2.4457041407004
13.1;2.4179675267078
13.12;2.38468358991668
13.14;2.35694697592407
13.16;2.32921036193147
13.18;2.30702107073739
13.2;2.27928445674479
13.22;2.26264248834923
13.24;2.24045319715515
13.26;2.22381122875959
13.28;2.21271658316255
13.3;2.19607461476699
13.32;2.19052729196846
13.34;2.19052729196846
13.36;2.18497996916994
13.38;2.18497996916994
13.4;2.19607461476699
13.42;2.19607461476699
13.44;2.20162193756551
13.46;2.21826390596107
13.48;2.22935855155811
13.5;2.24600051995367
13.52;2.26264248834923
13.54;2.29037910234183
13.56;2.31811571633443
13.58;2.34030500752851
13.6;2.36804162152112
13.62;2.3902309127152
13.64;2.42906217230484
13.66;2.45679878629744
13.68;2.47898807749152
13.7;2.51227201428264
13.72;2.55110327387229
13.74;2.57329256506637
13.76;2.60102917905897
13.78;2.63431311585009
13.8;2.66204972984269
13.82;2.68423902103677
13.84;2.71197563502938
13.86;2.73416492622346
13.88;2.75080689461902
13.9;2.7729961858131
13.92;2.78409083141014
13.94;2.79518547700718
13.96;2.80628012260422
13.98;2.80628012260422
14;2.81182744540274
14.02;2.81182744540274
14.04;2.81182744540274
14.06;2.8007327998057
14.08;2.79518547700718
14.1;2.77854350861162
14.12;2.76744886301458
14.14;2.7452595718205
14.16;2.72861760342494
14.18;2.70642831223086
14.2;2.68423902103677
14.22;2.66204972984269
14.24;2.63431311585009
14.26;2.60657650185749
14.28;2.57883988786489
14.3;2.54555595107377
14.32;2.51781933708116
14.34;2.49008272308856
14.36;2.46234610909596
14.38;2.42351484950632
14.4;2.39577823551372
14.42;2.36804162152112
14.44;2.34585233032703
14.46;2.32366303913295
14.48;2.29037910234183
14.5;2.27373713394627
14.52;2.25709516555071
14.54;2.23490587435663
14.56;2.22935855155811
14.58;2.21271658316255
14.6;2.20716926036403
14.62;2.19607461476699
14.64;2.19052729196846
14.66;2.19052729196846
14.68;2.19607461476699
14.7;2.19607461476699
14.72;2.20716926036403
14.74;2.21826390596107
14.76;2.23490587435663
14.78;2.24600051995367
14.8;2.26818981114775
14.82;2.28483177954331
14.84;2.31256839353591
14.86;2.34030500752851
14.88;2.36249429872259
14.9;2.3902309127152
14.92;2.41242020390928
14.94;2.4457041407004
14.96;2.473440754693
14.98;2.5011773686856
15;2.54000862827525
15.02;2.56774524226785
15.04;2.58993453346193
15.06;2.62321847025305
15.08;2.64540776144713
15.1;2.67314437543973
15.12;2.69533366663381
15.14;2.7175229578279
15.16;2.73971224902198
15.18;2.76190154021606
15.2;2.7729961858131
15.22;2.78409083141014
15.24;2.79518547700718
15.26;2.8007327998057
15.28;2.8007327998057
15.3;2.80628012260422
15.32;2.8007327998057
15.34;2.8007327998057
15.36;2.78963815420866
15.38;2.77854350861162
15.4;2.76744886301458
15.42;2.75080689461902
15.44;2.73416492622346
15.46;2.71197563502938
15.48;2.68978634383529
15.5;2.66204972984269
15.52;2.63986043864861
15.54;2.60657650185749
15.56;2.58438721066341
15.58;2.55665059667081
15.6;2.52336665987968
15.62;2.49563004588708
15.64;2.473440754693
15.66;2.44015681790188
15.68;2.40687288111076
15.7;2.37913626711816
15.72;2.35694697592407
15.74;2.32921036193147
15.76;2.30702107073739
15.78;2.28483177954331
15.8;2.26818981114775
15.82;2.25154784275219
15.84;2.22935855155811
15.86;2.21826390596107
15.88;2.21271658316255
15.9;2.20162193756551
15.92;2.20162193756551
15.94;2.20162193756551
15.96;2.20162193756551
15.98;2.20716926036403
16;2.20716926036403
16.02;2.21826390596107
16.04;2.23490587435663
16.06;2.24600051995367
16.08;2.26818981114775
16.1;2.29037910234183
16.12;2.30702107073739
16.14;2.32366303913295
16.16;2.35694697592407
16.18;2.3902309127152
16.2;2.41242020390928
16.22;2.44015681790188
16.24;2.46789343189448
16.26;2.5011773686856
16.28;2.52336665987968
16.3;2.55665059667081
16.32;2.58438721066341
16.34;2.60657650185749
16.36;2.63431311585009
16.38;2.65650240704417
16.4;2.68978634383529
16.42;2.70642831223086
16.44;2.72861760342494
16.46;2.7452595718205
16.48;2.76190154021606
16.5;2.7729961858131
16.52;2.78409083141014
16.54;2.79518547700718
16.56;2.79518547700718
16.58;2.8007327998057
16.6;2.8007327998057
16.62;2.78963815420866
16.64;2.78409083141014
16.66;2.77854350861162
16.68;2.76744886301458
16.7;2.75080689461902
16.72;2.73416492622346
16.74;2.71197563502938
16.76;2.68978634383529
16.78;2.67314437543973
16.8;2.64540776144713
16.82;2.61767114745453
16.84;2.58993453346193
16.86;2.56219791946933
16.88;2.54000862827525
16.9;2.50672469148412
16.92;2.47898807749152
16.94;2.45125146349892
16.96;2.42906217230484
16.98;2.39577823551372
17;2.36804162152112
17.02;2.34030500752851
17.04;2.31811571633443
17.06;2.29592642514035
17.08;2.27928445674479
17.1;2.25709516555071
17.12;2.24045319715515
17.14;2.22381122875959
17.16;2.22381122875959
17.18;2.21271658316255
17.2;2.20716926036403
17.22;2.20716926036403
17.24;2.20716926036403
17.26;2.20716926036403
17.28;2.21826390596107
17.3;2.22381122875959
17.32;2.23490587435663
17.34;2.24600051995367
17.36;2.26818981114775
17.38;2.28483177954331
17.4;2.30702107073739
17.42;2.32921036193147
17.44;2.35139965312555
17.46;2.37913626711816
17.48;2.40687288111076
17.5;2.42906217230484
17.52;2.45679878629744
17.54;2.49563004588708
17.56;2.51781933708116
17.58;2.55110327387229
17.6;2.57883988786489
17.62;2.59548185626045
17.64;2.62321847025305
17.66;2.65095508424565
17.68;2.67314437543973
17.7;2.69533366663381
17.72;2.7175229578279
17.74;2.73416492622346
17.76;2.75080689461902
17.78;2.76190154021606
17.8;2.7729961858131
17.82;2.78409083141014
17.84;2.78409083141014
17.86;2.78409083141014
17.88;2.78963815420866
17.9;2.77854350861162
17.92;2.77854350861162
17.94;2.7729961858131
17.96;2.76190154021606
17.98;2.75080689461902
18;2.72861760342494
18.02;2.71197563502938
18.04;2.68978634383529
18.06;2.67314437543973
18.08;2.64540776144713
18.1;2.62321847025305
18.12;2.59548185626045
18.14;2.56219791946933
18.16;2.54555595107377
18.18;2.51227201428264
18.2;2.47898807749152
18.22;2.45125146349892
18.24;2.42351484950632
18.26;2.40132555831224
18.28;2.37358894431964
18.3;2.35139965312555
18.32;2.32366303913295
18.34;2.31256839353591
18.36;2.28483177954331
18.38;2.26818981114775
18.4;2.25709516555071
18.42;2.24045319715515
18.44;2.23490587435663
18.46;2.21826390596107
18.48;2.21271658316255
18.5;2.21826390596107
18.52;2.22381122875959
18.54;2.21271658316255
18.56;2.21826390596107
18.58;2.22935855155811
18.6;2.24045319715515
18.62;2.25709516555071
18.64;2.26818981114775
18.66;2.29037910234183
18.68;2.30147374793887
18.7;2.32921036193147
18.72;2.34585233032703
18.74;2.37913626711816
18.76;2.40132555831224
18.78;2.42906217230484
18.8;2.45679878629744
18.82;2.47898807749152
18.84;2.50672469148412
18.86;2.54000862827525
18.88;2.56219791946933
18.9;2.58993453346193
18.92;2.61767114745453
18.94;2.64540776144713
18.96;2.66204972984269
18.98;2.67869169823825
19;2.70642831223086
19.02;2.72307028062642
19.04;2.73971224902198
19.06;2.75635421741754
19.08;2.76190154021606
19.1;2.7729961858131
19.12;2.77854350861162
19.14;2.78409083141014
19.16;2.78409083141014
19.18;2.77854350861162
19.2;2.7729961858131
19.22;2.7729961858131
19.24;2.75080689461902
19.26;2.7452595718205
19.28;2.72861760342494
19.3;2.70642831223086
19.32;2.68978634383529
19.34;2.66759705264121
19.36;2.65095508424565
19.38;2.62321847025305
19.4;2.60657650185749
19.42;2.57329256506637
19.44;2.54555595107377
19.46;2.51781933708116
19.48;2.49008272308856
19.5;2.46234610909596
19.52;2.43460949510336
19.54;2.41242020390928
19.56;2.38468358991668
19.58;2.35694697592407
19.6;2.33475768472999
19.62;2.31811571633443
19.64;2.29037910234183
19.66;2.27928445674479
19.68;2.26264248834923
19.7;2.24600051995367
19.72;2.24045319715515
19.74;2.22935855155811
19.76;2.22935855155811
19.78;2.22381122875959
19.8;2.21826390596107
19.82;2.22935855155811
19.84;2.22381122875959
19.86;2.22935855155811
19.88;2.25154784275219
19.9;2.25709516555071
19.92;2.26818981114775
19.94;2.28483177954331
19.96;2.30702107073739
19.98;2.32366303913295
