Temps;EA1
0;2.69533366663381
0.14;2.24045319715515
0.28;1.90206650644541
0.42;1.81330934166908
0.56;2.00191831681877
0.7;2.40687288111076
0.84;2.84511138219386
0.98;3.15021413611248
1.12;3.17795075010508
1.26;2.93386854697019
1.4;2.49008272308856
1.54;2.06848619040102
1.68;1.84104595566168
1.82;1.87987721525133
1.96;2.17943264637142
2.1;2.61767114745453
2.24;3.01153106614947
2.38;3.1834980729036
2.52;3.08364626253024
2.66;2.73416492622346
2.8;2.28483177954331
2.94;1.94644508883357
3.08;1.82440398726612
3.22;1.99082367122173
3.36;2.38468358991668
3.5;2.81737476820126
3.64;3.11693019932136
3.78;3.16130878170952
3.92;2.93941586976871
4.06;2.51227201428264
4.2;2.09622280439362
4.34;1.86323524685577
4.48;1.89097186084837
4.62;2.1738853235729
4.76;2.59548185626045
4.9;2.98379445215687
5.04;3.16130878170952
5.18;3.06700429413468
5.32;2.73416492622346
5.46;2.30702107073739
5.6;1.95199241163209
5.74;1.85214060125872
5.88;2.00191831681877
6.02;2.37913626711816
6.16;2.8007327998057
6.3;3.1002882309258
6.44;3.14466681331396
6.58;2.92277390137315
6.72;2.51781933708116
6.86;2.10731744999066
7;1.87987721525133
7.14;1.90761382924393
7.28;2.19052729196846
7.42;2.60102917905897
7.56;2.97269980655983
7.7;3.14466681331396
7.84;3.05036232573912
7.98;2.7175229578279
8.12;2.30147374793887
8.26;1.96863438002765
8.4;1.87432989245281
8.54;2.02965493081138
8.68;2.39577823551372
8.82;2.8007327998057
8.96;3.08364626253024
9.1;3.11693019932136
9.24;2.88948996458203
9.38;2.49008272308856
9.52;2.10731744999066
9.66;1.89651918364689
9.8;1.93535044323653
9.94;2.21826390596107
10.08;2.61767114745453
10.22;2.97824712935835
10.36;3.12247752211988
10.5;3.02262571174651
10.64;2.67869169823825
10.78;2.27928445674479
10.92;1.96863438002765
11.06;1.89097186084837
11.2;2.0629388676025
11.34;2.42906217230484
11.48;2.82292209099978
11.62;3.08364626253024
11.76;3.08919358532876
11.9;2.85065870499238
12.04;2.46234610909596
12.18;2.0906754815951
12.32;1.90206650644541
12.46;1.96863438002765
12.6;2.26264248834923
12.74;2.65095508424565
12.88;2.98934177495539
13.02;3.10583555372432
13.16;2.97269980655983
13.3;2.62321847025305
13.44;2.24600051995367
13.58;1.96308705722913
13.72;1.92425579763949
13.86;2.1184120955877
14;2.48453540029004
14.14;2.8562060277909
14.28;3.07809893973172
14.42;3.05590964853764
14.56;2.78409083141014
14.7;2.40132555831224
14.84;2.06848619040102
14.98;1.91870847484097
15.12;2.01301296241581
15.26;2.31811571633443
15.4;2.70642831223086
15.54;3.00598374335095
15.68;3.08364626253024
15.82;2.91722657857463
15.96;2.56219791946933
16.1;2.19052729196846
16.24;1.95753973443061
16.38;1.95199241163209
16.52;2.18497996916994
16.66;2.54555595107377
16.8;2.90058461017907
16.94;3.07809893973172
17.08;3.00598374335095
17.22;2.7175229578279
17.36;2.34585233032703
17.5;2.04074957640842
17.64;1.94089776603505
17.78;2.07403351319954
17.92;2.40132555831224
18.06;2.76190154021606
18.2;3.02262571174651
18.34;3.05036232573912
18.48;2.83956405939534
18.62;2.49008272308856
18.76;2.14060138678178
18.9;1.95753973443061
19.04;1.99637099402025
19.18;2.25709516555071
19.32;2.62321847025305
19.46;2.94496319256723
19.6;3.06145697133616
19.74;2.94496319256723
19.88;2.62876579305157
20.02;2.26818981114775
20.16;2.01301296241581
20.3;1.96308705722913
20.44;2.14060138678178
20.58;2.48453540029004
20.72;2.83401673659682
20.86;3.03372035734355
21;3.00598374335095
21.14;2.76190154021606
21.28;2.39577823551372
21.42;2.0906754815951
21.56;1.96308705722913
21.7;2.05739154480398
21.84;2.35139965312555
21.98;2.70642831223086
22.12;2.97269980655983
22.26;3.03372035734355
22.4;2.86730067338794
22.54;2.53446130547673
22.68;2.20162193756551
22.82;1.99082367122173
22.96;2.00746563961729
23.1;2.23490587435663
23.24;2.57883988786489
23.38;2.89503728738055
23.52;3.03372035734355
23.66;2.95051051536575
23.8;2.66204972984269
23.94;2.31256839353591
24.08;2.05184422200546
24.22;1.97972902562469
24.36;2.13505406398326
24.5;2.45125146349892
24.64;2.78409083141014
24.78;2.99488909775391
24.92;2.99488909775391
25.06;2.7729961858131
25.2;2.43460949510336
25.34;2.12950674118474
25.48;1.99637099402025
25.62;2.06848619040102
25.76;2.33475768472999
25.9;2.67869169823825
26.04;2.94496319256723
26.18;3.01707838894799
26.32;2.86175335058942
26.46;2.55665059667081
26.6;2.22935855155811
26.74;2.02410760801286
26.88;2.02410760801286
27.02;2.23490587435663
27.16;2.55665059667081
27.3;2.85065870499238
27.44;3.00043642055243
27.58;2.93386854697019
27.72;2.66759705264121
27.86;2.34030500752851
28;2.07958083599806
28.14;2.00191831681877
28.28;2.1461487095803
28.42;2.45125146349892
28.56;2.76190154021606
28.7;2.97269980655983
28.84;2.97269980655983
28.98;2.76190154021606
29.12;2.4457041407004
29.26;2.16279067797586
29.4;2.01301296241581
29.54;2.08512815879658
29.68;2.33475768472999
29.82;2.66204972984269
29.96;2.91722657857463
30.1;2.98379445215687
30.24;2.84511138219386
30.38;2.54555595107377
30.52;2.24600051995367
30.66;2.04629689920694
30.8;2.05184422200546
30.94;2.25709516555071
31.08;2.55665059667081
31.22;2.84511138219386
31.36;2.98379445215687
31.5;2.90613193297759
31.64;2.64540776144713
31.78;2.33475768472999
31.92;2.0906754815951
32.06;2.0352022536099
32.2;2.18497996916994
32.34;2.46789343189448
32.48;2.76744886301458
32.62;2.95605783816427
32.76;2.93941586976871
32.9;2.73416492622346
33.04;2.42906217230484
33.18;2.16279067797586
33.32;2.0352022536099
33.46;2.12395941838622
33.6;2.37358894431964
33.74;2.67314437543973
33.88;2.90613193297759
34.02;2.96160516096279
34.16;2.80628012260422
34.3;2.52336665987968
34.44;2.23490587435663
34.58;2.06848619040102
34.72;2.08512815879658
34.86;2.29037910234183
35;2.58438721066341
35.14;2.84511138219386
35.28;2.96160516096279
35.42;2.86175335058942
35.56;2.61212382465601
35.7;2.31811571633443
35.84;2.10177012719214
35.98;2.0629388676025
36.12;2.22381122875959
36.26;2.49563004588708
36.4;2.77854350861162
36.54;2.94496319256723
36.68;2.90058461017907
36.82;2.68978634383529
36.96;2.40132555831224
37.1;2.15169603237882
37.24;2.0629388676025
37.38;2.16833800077438
37.52;2.41242020390928
37.66;2.69533366663381
37.8;2.90058461017907
37.94;2.92832122417167
38.08;2.75635421741754
38.22;2.48453540029004
38.36;2.21826390596107
38.5;2.06848619040102
38.64;2.1184120955877
38.78;2.34030500752851
38.92;2.61767114745453
39.06;2.84511138219386
39.2;2.93386854697019
39.34;2.81182744540274
39.48;2.55665059667081
39.62;2.29037910234183
39.76;2.10177012719214
39.9;2.09622280439362
40.04;2.27373713394627
40.18;2.54555595107377
40.32;2.79518547700718
40.46;2.92277390137315
40.6;2.85065870499238
40.74;2.63431311585009
40.88;2.36249429872259
41.02;2.14060138678178
41.16;2.08512815879658
41.3;2.21826390596107
41.44;2.473440754693
41.58;2.72861760342494
41.72;2.90058461017907
41.86;2.88394264178351
42;2.70088098943234
42.14;2.43460949510336
42.28;2.19607461476699
42.42;2.09622280439362
42.56;2.1738853235729
42.7;2.40132555831224
42.84;2.66759705264121
42.98;2.86175335058942
43.12;2.90058461017907
43.26;2.75635421741754
43.4;2.5011773686856
43.54;2.25709516555071
43.68;2.11286477278918
43.82;2.14060138678178
43.96;2.34030500752851
44.1;2.59548185626045
44.24;2.81737476820126
44.38;2.90058461017907
44.52;2.8007327998057
44.66;2.56774524226785
44.8;2.31256839353591
44.94;2.14060138678178
45.08;2.12395941838622
45.22;2.27928445674479
45.36;2.53446130547673
45.5;2.76744886301458
45.64;2.89503728738055
45.78;2.83401673659682
45.92;2.63431311585009
46.06;2.37358894431964
46.2;2.17943264637142
46.34;2.1184120955877
46.48;2.24045319715515
46.62;2.46789343189448
46.76;2.7175229578279
46.9;2.86730067338794
47.04;2.8562060277909
47.18;2.67869169823825
47.32;2.43460949510336
47.46;2.21826390596107
47.6;2.12395941838622
47.74;2.20162193756551
47.88;2.41242020390928
48.02;2.65650240704417
48.16;2.83401673659682
48.3;2.87284799618646
48.44;2.73416492622346
48.58;2.49563004588708
48.72;2.26818981114775
48.86;2.14060138678178
49;2.17943264637142
49.14;2.35694697592407
49.28;2.60102917905897
49.42;2.8007327998057
49.56;2.8562060277909
49.7;2.76744886301458
49.84;2.55110327387229
49.98;2.31811571633443
50.12;2.16279067797586
50.26;2.16833800077438
50.4;2.31256839353591
50.54;2.54000862827525
50.68;2.75635421741754
50.82;2.85065870499238
50.96;2.8007327998057
51.1;2.60657650185749
51.24;2.36804162152112
51.38;2.19607461476699
51.52;2.15169603237882
51.66;2.26818981114775
51.8;2.49008272308856
51.94;2.70642831223086
52.08;2.83401673659682
52.22;2.81182744540274
52.36;2.66204972984269
52.5;2.42351484950632
52.64;2.22935855155811
52.78;2.15169603237882
52.92;2.24045319715515
53.06;2.44015681790188
53.2;2.66204972984269
53.34;2.81737476820126
53.48;2.8284694137983
53.62;2.68978634383529
53.76;2.473440754693
53.9;2.26818981114775
54.04;2.16833800077438
54.18;2.21826390596107
54.32;2.3902309127152
54.46;2.61767114745453
54.6;2.78963815420866
54.74;2.83401673659682
54.88;2.72861760342494
55.02;2.52336665987968
55.16;2.31256839353591
55.3;2.18497996916994
55.44;2.20162193756551
55.58;2.35139965312555
55.72;2.56219791946933
55.86;2.75635421741754
56;2.8284694137983
56.14;2.75635421741754
56.28;2.57329256506637
56.42;2.35694697592407
56.56;2.20716926036403
56.7;2.19607461476699
56.84;2.31811571633443
56.98;2.51781933708116
57.12;2.72307028062642
57.26;2.81737476820126
57.4;2.77854350861162
57.54;2.60657650185749
57.68;2.40132555831224
57.82;2.23490587435663
57.96;2.19052729196846
58.1;2.28483177954331
58.24;2.47898807749152
58.38;2.67869169823825
58.52;2.8007327998057
58.66;2.78963815420866
58.8;2.64540776144713
58.94;2.44015681790188
59.08;2.27373713394627
59.22;2.19607461476699
59.36;2.26264248834923
59.5;2.43460949510336
59.64;2.63431311585009
59.78;2.77854350861162
59.92;2.79518547700718